R1=220
R2=1500
R3=33000
C1=27e-6

RX=R1*R2/R3
CX=C1*R3/R2
